Dataset	STG_bestK	STG_best2K	STG_TrainAUC	STG_TrainAUPRC	STG_AUC	STG_AUPRC
ring_8_1000	0.5	0.8333333333333334	0.5884899099746567	0.5812493544901188	0.5701181449300093	0.570973756710574
ring_16_1000	0.9166666666666666	1.0	0.8279074956093737	0.7900365478968948	0.7758596148092366	0.7381611405730005
ring_32_1000	0.16666666666666666	0.25	0.9992187860338545	0.9985258557277826	0.5190835882231303	0.49345335221576553
ring_64_1000	0.0	0.0	1.0	1.0	0.5170623693370153	0.5108895453488487
ring_128_1000	0.0	0.16666666666666666	1.0	1.0	0.5296606161490353	0.5268340848403391
ring_256_1000	0.25	0.3333333333333333	1.0	1.0	0.5063521630857355	0.5174858281749323
ring_512_1000	0.0	0.0	1.0	1.0	0.5118998506703858	0.5295978974500747
ring_1024_1000	0.0	0.0	1.0	1.0	0.5094959546257186	0.5035637082221626
ring_2048_1000	0.0	0.0	1.0	1.0	0.5297025507133494	0.5037209589057369
